Tpcm: 0.34831
tot: 0.34831
